inf
inf
inf
inf
inf
inf
inf
inf
2.685096979141235352e+00
2.645126104354858398e+00
2.626057147979736328e+00
2.629873991012573242e+00
1.659413933753967285e+00
1.621545076370239258e+00
1.609616398811340332e+00
1.581260561943054199e+00
1.567873954772949219e+00
1.559074044227600098e+00
1.565646290779113770e+00
1.599119544029235840e+00
1.571238636970520020e+00
1.610463261604309082e+00
inf
inf
inf
inf
inf
inf
3.072650671005249023e+00
3.054757118225097656e+00
3.022883415222167969e+00
6.763654351234436035e-01
6.625389456748962402e-01
6.353931427001953125e-01
6.248136758804321289e-01
6.308973431587219238e-01
6.163548827171325684e-01
5.945850014686584473e-01
6.014923453330993652e-01
5.976551771163940430e-01
5.869638919830322266e-01
5.753462910652160645e-01
5.773755908012390137e-01
5.784060955047607422e-01
5.830327272415161133e-01
5.906077623367309570e-01
5.927410721778869629e-01
5.936240553855895996e-01
6.051192283630371094e-01
5.984506607055664062e-01
6.227211356163024902e-01
6.246488690376281738e-01
6.407024860382080078e-01
6.743969917297363281e-01
6.966438293457031250e-01
inf
inf
inf
inf
inf
inf
3.468448877334594727e+00
3.416695356369018555e+00
3.402694940567016602e+00
3.378844022750854492e+00
3.346271753311157227e+00
1.669707655906677246e+00
1.588398814201354980e+00
1.560059785842895508e+00
1.562286019325256348e+00
1.550565838813781738e+00
1.532454013824462891e+00
1.549931764602661133e+00
1.541572690010070801e+00
1.575602769851684570e+00
1.587552309036254883e+00
1.658527016639709473e+00
3.124395370483398438e+00
3.104373216629028320e+00
3.076082229614257812e+00
3.017218589782714844e+00
2.864713430404663086e+00
2.732931375503540039e+00
2.622078418731689453e+00
2.529161930084228516e+00
2.506923437118530273e+00
2.498209714889526367e+00
2.496593952178955078e+00
2.496370792388916016e+00
2.500099420547485352e+00
2.504075050354003906e+00
2.495334148406982422e+00
2.482859373092651367e+00
2.506811380386352539e+00
2.437716245651245117e+00
2.384132146835327148e+00
2.315019845962524414e+00
2.267920255661010742e+00
2.215643644332885742e+00
2.163759708404541016e+00
2.107368469238281250e+00
2.065310955047607422e+00
2.034225463867187500e+00
1.980088472366333008e+00
1.956351757049560547e+00
1.937535405158996582e+00
1.892927408218383789e+00
1.884899973869323730e+00
1.851760864257812500e+00
1.809100151062011719e+00
1.754281044006347656e+00
1.755548000335693359e+00
1.721923828125000000e+00
1.705539822578430176e+00
1.683532476425170898e+00
1.655219316482543945e+00
1.625215291976928711e+00
1.620870590209960938e+00
1.597817540168762207e+00
1.584283113479614258e+00
1.597955107688903809e+00
1.574968218803405762e+00
1.553402423858642578e+00
1.534353017807006836e+00
1.517885088920593262e+00
1.498868465423583984e+00
1.487064480781555176e+00
1.477109432220458984e+00
1.480738639831542969e+00
1.476083636283874512e+00
1.455940365791320801e+00
1.444231390953063965e+00
1.445180892944335938e+00
1.423082113265991211e+00
1.423023223876953125e+00
1.405662894248962402e+00
1.400554060935974121e+00
1.419320344924926758e+00
1.379037499427795410e+00
1.391316652297973633e+00
1.392695784568786621e+00
1.391125559806823730e+00
1.372159004211425781e+00
1.363186955451965332e+00
1.367069721221923828e+00
1.334896802902221680e+00
1.381081700325012207e+00
1.368686199188232422e+00
1.380129218101501465e+00
1.378107547760009766e+00
1.362699389457702637e+00
1.377093315124511719e+00
1.348691821098327637e+00
1.365361094474792480e+00
1.375108599662780762e+00
1.364616870880126953e+00
1.393586039543151855e+00
1.378049254417419434e+00
1.387527465820312500e+00
1.355953812599182129e+00
1.354997277259826660e+00
1.296338558197021484e+00
1.280601263046264648e+00
1.271023392677307129e+00
1.237493038177490234e+00
1.223887801170349121e+00
1.183890700340270996e+00
1.185906410217285156e+00
1.164809942245483398e+00
1.123603105545043945e+00
1.123236179351806641e+00
1.119456291198730469e+00
1.084621429443359375e+00
1.075185060501098633e+00
1.071219921112060547e+00
1.043039083480834961e+00
1.038861155509948730e+00
1.034021377563476562e+00
1.009722232818603516e+00
1.010576844215393066e+00
9.922560453414916992e-01
1.012848496437072754e+00
9.578934311866760254e-01
9.780988097190856934e-01
9.656153321266174316e-01
9.282077550888061523e-01
9.364247322082519531e-01
9.396370649337768555e-01
9.291164278984069824e-01
9.163929224014282227e-01
9.260302782058715820e-01
9.239026308059692383e-01
9.034649729728698730e-01
8.892605304718017578e-01
8.957883119583129883e-01
8.816368579864501953e-01
9.019927978515625000e-01
8.948609232902526855e-01
8.830909132957458496e-01
8.819742202758789062e-01
8.860762715339660645e-01
9.007931351661682129e-01
8.724390864372253418e-01
8.645932674407958984e-01
8.525571823120117188e-01
8.691555857658386230e-01
8.740800023078918457e-01
8.660522103309631348e-01
8.805246353149414062e-01
8.855108618736267090e-01
8.613792061805725098e-01
8.681519031524658203e-01
8.849380612373352051e-01
8.990905284881591797e-01
8.579828143119812012e-01
8.562921881675720215e-01
8.736957311630249023e-01
8.637574911117553711e-01
8.967417478561401367e-01
8.765354752540588379e-01
8.750299215316772461e-01
8.851113319396972656e-01
8.940985202789306641e-01
8.835691809654235840e-01
9.106491804122924805e-01
9.037541747093200684e-01
9.039213657379150391e-01
9.097424149513244629e-01
9.237495660781860352e-01
9.297286868095397949e-01
9.212617874145507812e-01
9.406040906906127930e-01
9.235685467720031738e-01
9.405526518821716309e-01
9.489185214042663574e-01
9.741618037223815918e-01
9.725266695022583008e-01
9.804246425628662109e-01
1.000255227088928223e+00
1.015277862548828125e+00
9.853667616844177246e-01
1.034815430641174316e+00
1.031276822090148926e+00
1.029361009597778320e+00
1.051429986953735352e+00
1.077634096145629883e+00
1.088331580162048340e+00
1.087909936904907227e+00
1.103151321411132812e+00
1.135957360267639160e+00
1.140496850013732910e+00
1.164104104042053223e+00
1.184869408607482910e+00
1.204900503158569336e+00
1.231721043586730957e+00
1.260359525680541992e+00
1.270072698593139648e+00
1.268724322319030762e+00
1.306643128395080566e+00
1.344445824623107910e+00
1.366760730743408203e+00
1.396513581275939941e+00
1.424619317054748535e+00
1.462260365486145020e+00
1.504671096801757812e+00
1.497202754020690918e+00
1.497752904891967773e+00
1.505282998085021973e+00
1.499596357345581055e+00
1.495169520378112793e+00
1.505947947502136230e+00
1.495183825492858887e+00
1.502137899398803711e+00
1.503725886344909668e+00
1.522993206977844238e+00
1.518827319145202637e+00
1.506850123405456543e+00
1.519852161407470703e+00
1.529025316238403320e+00
1.559748649597167969e+00
1.625788092613220215e+00
1.700931668281555176e+00
1.791303753852844238e+00
1.899092316627502441e+00
2.038756370544433594e+00
2.111524820327758789e+00
2.122605323791503906e+00
2.156373023986816406e+00
2.148265123367309570e+00
2.172333478927612305e+00
2.187279939651489258e+00
2.202811002731323242e+00
2.206914424896240234e+00
2.228135585784912109e+00
2.243134021759033203e+00
2.273167133331298828e+00
2.276226043701171875e+00
2.313816070556640625e+00
2.338552474975585938e+00
2.357894420623779297e+00
2.375643253326416016e+00
7.741418480873107910e-01
7.312722802162170410e-01
7.233922481536865234e-01
7.024864554405212402e-01
6.967410445213317871e-01
6.658223867416381836e-01
6.814358234405517578e-01
6.912354826927185059e-01
6.740740537643432617e-01
6.382551193237304688e-01
6.409431695938110352e-01
6.526962518692016602e-01
6.447376012802124023e-01
6.679561734199523926e-01
6.784875392913818359e-01
6.626366376876831055e-01
6.745573282241821289e-01
6.882745027542114258e-01
7.046967148780822754e-01
7.195640206336975098e-01
7.308251857757568359e-01
7.901169061660766602e-01
3.418303966522216797e+00
3.408322095870971680e+00
3.375937461853027344e+00
3.380844116210937500e+00
3.395060300827026367e+00
3.376078605651855469e+00
3.367385149002075195e+00
3.377549886703491211e+00
3.373380899429321289e+00
3.366392374038696289e+00
3.389422893524169922e+00
inf
1.668410420417785645e+00
1.636293172836303711e+00
1.605637311935424805e+00
1.599918007850646973e+00
1.594447255134582520e+00
1.607663154602050781e+00
1.621825575828552246e+00
1.616579055786132812e+00
1.652623057365417480e+00
1.702342391014099121e+00
2.692766666412353516e+00
2.662066221237182617e+00
2.661757707595825195e+00
2.669434547424316406e+00
2.685133695602416992e+00
inf
inf
inf
inf
inf
inf
inf
inf
inf
inf
